1656 1819
9 4 3 4 1 8 8 8 128 8
9 4 3 4 1 8 8 8 128 8

1 1 6 172 INV
1 1 5 173 INV
1 1 4 174 INV
2 1 6 5 175 NOR
2 1 175 174 176 AND
2 1 175 176 177 AND
2 1 6 173 178 AND
2 1 178 174 179 AND
2 1 178 179 180 AND
2 1 172 5 181 AND
2 1 181 174 182 AND
2 1 181 182 183 AND
2 1 6 5 184 AND
2 1 184 174 185 AND
2 1 184 185 186 AND
1 1 28 187 INV
1 1 29 188 INV
1 1 30 189 INV
1 1 31 190 INV
2 1 190 189 191 AND
2 1 188 187 192 AND
2 1 191 192 193 AND
2 1 31 189 194 AND
2 1 188 187 195 AND
2 1 194 195 196 AND
2 1 190 30 197 AND
2 1 188 187 198 AND
2 1 197 198 199 AND
2 1 31 30 200 AND
2 1 188 187 201 AND
2 1 200 201 202 AND
2 1 31 30 203 AND
2 1 29 28 204 AND
2 1 203 204 205 AND
1 1 205 206 INV
2 1 183 199 207 AND
2 1 207 177 208 LOR
2 1 183 196 209 AND
2 1 183 202 210 AND
2 1 209 210 211 LOR
2 1 208 211 212 LOR
1 1 212 213 INV
2 1 6 6 214 XOR
1 1 214 215 INV
2 1 186 199 216 AND
2 1 216 180 217 LOR
2 1 186 196 218 AND
2 1 186 202 219 AND
2 1 218 219 220 LOR
2 1 217 220 221 LOR
1 1 221 222 INV
2 1 183 196 223 AND
2 1 183 199 224 AND
2 1 223 224 225 LOR
2 1 183 202 226 AND
2 1 225 226 227 LOR
1 1 227 228 INV
1 1 180 229 INV
2 1 186 196 230 AND
1 1 230 231 INV
2 1 6 6 232 XOR
1 1 232 233 INV
2 1 186 199 234 AND
2 1 186 202 235 AND
2 1 234 235 236 LOR
1 1 236 237 INV
2 1 186 202 238 AND
1 1 238 239 INV
2 1 186 199 240 AND
2 1 186 202 241 AND
2 1 240 241 242 LOR
1 1 242 243 INV
1 1 177 244 INV
2 1 6 6 245 XOR
1 1 245 246 INV
1 1 7 247 INV
1 1 8 248 INV
1 1 9 249 INV
1 1 10 250 INV
2 1 221 7 251 AND
2 1 8 9 252 AND
2 1 10 252 253 AND
2 1 251 252 254 AND
2 1 254 254 255 AND
2 1 221 7 256 AND
2 1 8 9 257 AND
2 1 250 257 258 AND
2 1 256 257 259 AND
2 1 259 259 260 AND
2 1 221 7 261 AND
2 1 8 249 262 AND
2 1 10 262 263 AND
2 1 261 262 264 AND
2 1 264 264 265 AND
2 1 221 7 266 AND
2 1 8 249 267 AND
2 1 250 267 268 AND
2 1 266 267 269 AND
2 1 269 269 270 AND
2 1 221 7 271 AND
2 1 248 9 272 AND
2 1 10 272 273 AND
2 1 271 272 274 AND
2 1 274 274 275 AND
2 1 221 7 276 AND
2 1 248 9 277 AND
2 1 250 277 278 AND
2 1 276 277 279 AND
2 1 279 279 280 AND
2 1 221 7 281 AND
2 1 248 249 282 AND
2 1 10 282 283 AND
2 1 281 282 284 AND
2 1 284 284 285 AND
2 1 221 7 286 AND
2 1 248 249 287 AND
2 1 250 287 288 AND
2 1 286 287 289 AND
2 1 289 289 290 AND
2 1 221 247 291 AND
2 1 8 9 292 AND
2 1 10 292 293 AND
2 1 291 292 294 AND
2 1 294 294 295 AND
2 1 221 247 296 AND
2 1 8 9 297 AND
2 1 250 297 298 AND
2 1 296 297 299 AND
2 1 299 299 300 AND
2 1 221 247 301 AND
2 1 8 249 302 AND
2 1 10 302 303 AND
2 1 301 302 304 AND
2 1 304 304 305 AND
2 1 221 247 306 AND
2 1 8 249 307 AND
2 1 250 307 308 AND
2 1 306 307 309 AND
2 1 309 309 310 AND
2 1 221 247 311 AND
2 1 248 9 312 AND
2 1 10 312 313 AND
2 1 311 312 314 AND
2 1 314 314 315 AND
2 1 221 247 316 AND
2 1 248 9 317 AND
2 1 250 317 318 AND
2 1 316 317 319 AND
2 1 319 319 320 AND
2 1 221 247 321 AND
2 1 248 249 322 AND
2 1 10 322 323 AND
2 1 321 322 324 AND
2 1 324 324 325 AND
2 1 221 247 326 AND
2 1 248 249 327 AND
2 1 250 327 328 AND
2 1 326 327 329 AND
2 1 329 329 330 AND
2 1 214 7 331 AND
2 1 8 9 332 AND
2 1 10 332 333 AND
2 1 331 332 334 AND
2 1 334 334 335 AND
2 1 214 7 336 AND
2 1 8 9 337 AND
2 1 250 337 338 AND
2 1 336 337 339 AND
2 1 339 339 340 AND
2 1 214 7 341 AND
2 1 8 249 342 AND
2 1 10 342 343 AND
2 1 341 342 344 AND
2 1 344 344 345 AND
2 1 214 7 346 AND
2 1 8 249 347 AND
2 1 250 347 348 AND
2 1 346 347 349 AND
2 1 349 349 350 AND
2 1 214 7 351 AND
2 1 248 9 352 AND
2 1 10 352 353 AND
2 1 351 352 354 AND
2 1 354 354 355 AND
2 1 214 7 356 AND
2 1 248 9 357 AND
2 1 250 357 358 AND
2 1 356 357 359 AND
2 1 359 359 360 AND
2 1 214 7 361 AND
2 1 248 249 362 AND
2 1 10 362 363 AND
2 1 361 362 364 AND
2 1 364 364 365 AND
2 1 214 7 366 AND
2 1 248 249 367 AND
2 1 250 367 368 AND
2 1 366 367 369 AND
2 1 369 369 370 AND
2 1 214 247 371 AND
2 1 8 9 372 AND
2 1 10 372 373 AND
2 1 371 372 374 AND
2 1 374 374 375 AND
2 1 214 247 376 AND
2 1 8 9 377 AND
2 1 250 377 378 AND
2 1 376 377 379 AND
2 1 379 379 380 AND
2 1 214 247 381 AND
2 1 8 249 382 AND
2 1 10 382 383 AND
2 1 381 382 384 AND
2 1 384 384 385 AND
2 1 214 247 386 AND
2 1 8 249 387 AND
2 1 250 387 388 AND
2 1 386 387 389 AND
2 1 389 389 390 AND
2 1 214 247 391 AND
2 1 248 9 392 AND
2 1 10 392 393 AND
2 1 391 392 394 AND
2 1 394 394 395 AND
2 1 214 247 396 AND
2 1 248 9 397 AND
2 1 250 397 398 AND
2 1 396 397 399 AND
2 1 399 399 400 AND
2 1 214 247 401 AND
2 1 248 249 402 AND
2 1 10 402 403 AND
2 1 401 402 404 AND
2 1 404 404 405 AND
2 1 214 247 406 AND
2 1 248 249 407 AND
2 1 250 407 408 AND
2 1 406 407 409 AND
2 1 409 409 410 AND
2 1 156 255 411 AND
2 1 148 260 412 AND
2 1 140 265 413 AND
2 1 132 270 414 AND
2 1 124 275 415 AND
2 1 116 280 416 AND
2 1 108 285 417 AND
2 1 100 290 418 AND
2 1 92 295 419 AND
2 1 84 300 420 AND
2 1 76 305 421 AND
2 1 68 310 422 AND
2 1 60 315 423 AND
2 1 52 320 424 AND
2 1 44 325 425 AND
2 1 36 330 426 AND
2 1 157 255 427 AND
2 1 149 260 428 AND
2 1 141 265 429 AND
2 1 133 270 430 AND
2 1 125 275 431 AND
2 1 117 280 432 AND
2 1 109 285 433 AND
2 1 101 290 434 AND
2 1 93 295 435 AND
2 1 85 300 436 AND
2 1 77 305 437 AND
2 1 69 310 438 AND
2 1 61 315 439 AND
2 1 53 320 440 AND
2 1 45 325 441 AND
2 1 37 330 442 AND
2 1 158 255 443 AND
2 1 150 260 444 AND
2 1 142 265 445 AND
2 1 134 270 446 AND
2 1 126 275 447 AND
2 1 118 280 448 AND
2 1 110 285 449 AND
2 1 102 290 450 AND
2 1 94 295 451 AND
2 1 86 300 452 AND
2 1 78 305 453 AND
2 1 70 310 454 AND
2 1 62 315 455 AND
2 1 54 320 456 AND
2 1 46 325 457 AND
2 1 38 330 458 AND
2 1 159 255 459 AND
2 1 151 260 460 AND
2 1 143 265 461 AND
2 1 135 270 462 AND
2 1 127 275 463 AND
2 1 119 280 464 AND
2 1 111 285 465 AND
2 1 103 290 466 AND
2 1 95 295 467 AND
2 1 87 300 468 AND
2 1 79 305 469 AND
2 1 71 310 470 AND
2 1 63 315 471 AND
2 1 55 320 472 AND
2 1 47 325 473 AND
2 1 39 330 474 AND
2 1 160 255 475 AND
2 1 152 260 476 AND
2 1 144 265 477 AND
2 1 136 270 478 AND
2 1 128 275 479 AND
2 1 120 280 480 AND
2 1 112 285 481 AND
2 1 104 290 482 AND
2 1 96 295 483 AND
2 1 88 300 484 AND
2 1 80 305 485 AND
2 1 72 310 486 AND
2 1 64 315 487 AND
2 1 56 320 488 AND
2 1 48 325 489 AND
2 1 40 330 490 AND
2 1 161 255 491 AND
2 1 153 260 492 AND
2 1 145 265 493 AND
2 1 137 270 494 AND
2 1 129 275 495 AND
2 1 121 280 496 AND
2 1 113 285 497 AND
2 1 105 290 498 AND
2 1 97 295 499 AND
2 1 89 300 500 AND
2 1 81 305 501 AND
2 1 73 310 502 AND
2 1 65 315 503 AND
2 1 57 320 504 AND
2 1 49 325 505 AND
2 1 41 330 506 AND
2 1 162 255 507 AND
2 1 154 260 508 AND
2 1 146 265 509 AND
2 1 138 270 510 AND
2 1 130 275 511 AND
2 1 122 280 512 AND
2 1 114 285 513 AND
2 1 106 290 514 AND
2 1 98 295 515 AND
2 1 90 300 516 AND
2 1 82 305 517 AND
2 1 74 310 518 AND
2 1 66 315 519 AND
2 1 58 320 520 AND
2 1 50 325 521 AND
2 1 42 330 522 AND
2 1 163 255 523 AND
2 1 155 260 524 AND
2 1 147 265 525 AND
2 1 139 270 526 AND
2 1 131 275 527 AND
2 1 123 280 528 AND
2 1 115 285 529 AND
2 1 107 290 530 AND
2 1 99 295 531 AND
2 1 91 300 532 AND
2 1 83 305 533 AND
2 1 75 310 534 AND
2 1 67 315 535 AND
2 1 59 320 536 AND
2 1 51 325 537 AND
2 1 43 330 538 AND
2 1 411 10 539 AND
2 1 412 250 540 AND
2 1 539 540 541 LOR
2 1 413 10 542 AND
2 1 414 250 543 AND
2 1 542 543 544 LOR
2 1 415 10 545 AND
2 1 416 250 546 AND
2 1 545 546 547 LOR
2 1 417 10 548 AND
2 1 418 250 549 AND
2 1 548 549 550 LOR
2 1 419 10 551 AND
2 1 420 250 552 AND
2 1 551 552 553 LOR
2 1 421 10 554 AND
2 1 422 250 555 AND
2 1 554 555 556 LOR
2 1 423 10 557 AND
2 1 424 250 558 AND
2 1 557 558 559 LOR
2 1 425 10 560 AND
2 1 426 250 561 AND
2 1 560 561 562 LOR
2 1 541 9 563 AND
2 1 544 249 564 AND
2 1 563 564 565 LOR
2 1 547 9 566 AND
2 1 550 249 567 AND
2 1 566 567 568 LOR
2 1 553 9 569 AND
2 1 556 249 570 AND
2 1 569 570 571 LOR
2 1 559 9 572 AND
2 1 562 249 573 AND
2 1 572 573 574 LOR
2 1 565 8 575 AND
2 1 568 248 576 AND
2 1 575 576 577 LOR
2 1 571 8 578 AND
2 1 574 248 579 AND
2 1 578 579 580 LOR
2 1 577 7 581 AND
2 1 580 247 582 AND
2 1 581 582 583 LOR
2 1 427 10 584 AND
2 1 428 250 585 AND
2 1 584 585 586 LOR
2 1 429 10 587 AND
2 1 430 250 588 AND
2 1 587 588 589 LOR
2 1 431 10 590 AND
2 1 432 250 591 AND
2 1 590 591 592 LOR
2 1 433 10 593 AND
2 1 434 250 594 AND
2 1 593 594 595 LOR
2 1 435 10 596 AND
2 1 436 250 597 AND
2 1 596 597 598 LOR
2 1 437 10 599 AND
2 1 438 250 600 AND
2 1 599 600 601 LOR
2 1 439 10 602 AND
2 1 440 250 603 AND
2 1 602 603 604 LOR
2 1 441 10 605 AND
2 1 442 250 606 AND
2 1 605 606 607 LOR
2 1 586 9 608 AND
2 1 589 249 609 AND
2 1 608 609 610 LOR
2 1 592 9 611 AND
2 1 595 249 612 AND
2 1 611 612 613 LOR
2 1 598 9 614 AND
2 1 601 249 615 AND
2 1 614 615 616 LOR
2 1 604 9 617 AND
2 1 607 249 618 AND
2 1 617 618 619 LOR
2 1 610 8 620 AND
2 1 613 248 621 AND
2 1 620 621 622 LOR
2 1 616 8 623 AND
2 1 619 248 624 AND
2 1 623 624 625 LOR
2 1 622 7 626 AND
2 1 625 247 627 AND
2 1 626 627 628 LOR
2 1 443 10 629 AND
2 1 444 250 630 AND
2 1 629 630 631 LOR
2 1 445 10 632 AND
2 1 446 250 633 AND
2 1 632 633 634 LOR
2 1 447 10 635 AND
2 1 448 250 636 AND
2 1 635 636 637 LOR
2 1 449 10 638 AND
2 1 450 250 639 AND
2 1 638 639 640 LOR
2 1 451 10 641 AND
2 1 452 250 642 AND
2 1 641 642 643 LOR
2 1 453 10 644 AND
2 1 454 250 645 AND
2 1 644 645 646 LOR
2 1 455 10 647 AND
2 1 456 250 648 AND
2 1 647 648 649 LOR
2 1 457 10 650 AND
2 1 458 250 651 AND
2 1 650 651 652 LOR
2 1 631 9 653 AND
2 1 634 249 654 AND
2 1 653 654 655 LOR
2 1 637 9 656 AND
2 1 640 249 657 AND
2 1 656 657 658 LOR
2 1 643 9 659 AND
2 1 646 249 660 AND
2 1 659 660 661 LOR
2 1 649 9 662 AND
2 1 652 249 663 AND
2 1 662 663 664 LOR
2 1 655 8 665 AND
2 1 658 248 666 AND
2 1 665 666 667 LOR
2 1 661 8 668 AND
2 1 664 248 669 AND
2 1 668 669 670 LOR
2 1 667 7 671 AND
2 1 670 247 672 AND
2 1 671 672 673 LOR
2 1 459 10 674 AND
2 1 460 250 675 AND
2 1 674 675 676 LOR
2 1 461 10 677 AND
2 1 462 250 678 AND
2 1 677 678 679 LOR
2 1 463 10 680 AND
2 1 464 250 681 AND
2 1 680 681 682 LOR
2 1 465 10 683 AND
2 1 466 250 684 AND
2 1 683 684 685 LOR
2 1 467 10 686 AND
2 1 468 250 687 AND
2 1 686 687 688 LOR
2 1 469 10 689 AND
2 1 470 250 690 AND
2 1 689 690 691 LOR
2 1 471 10 692 AND
2 1 472 250 693 AND
2 1 692 693 694 LOR
2 1 473 10 695 AND
2 1 474 250 696 AND
2 1 695 696 697 LOR
2 1 676 9 698 AND
2 1 679 249 699 AND
2 1 698 699 700 LOR
2 1 682 9 701 AND
2 1 685 249 702 AND
2 1 701 702 703 LOR
2 1 688 9 704 AND
2 1 691 249 705 AND
2 1 704 705 706 LOR
2 1 694 9 707 AND
2 1 697 249 708 AND
2 1 707 708 709 LOR
2 1 700 8 710 AND
2 1 703 248 711 AND
2 1 710 711 712 LOR
2 1 706 8 713 AND
2 1 709 248 714 AND
2 1 713 714 715 LOR
2 1 712 7 716 AND
2 1 715 247 717 AND
2 1 716 717 718 LOR
2 1 475 10 719 AND
2 1 476 250 720 AND
2 1 719 720 721 LOR
2 1 477 10 722 AND
2 1 478 250 723 AND
2 1 722 723 724 LOR
2 1 479 10 725 AND
2 1 480 250 726 AND
2 1 725 726 727 LOR
2 1 481 10 728 AND
2 1 482 250 729 AND
2 1 728 729 730 LOR
2 1 483 10 731 AND
2 1 484 250 732 AND
2 1 731 732 733 LOR
2 1 485 10 734 AND
2 1 486 250 735 AND
2 1 734 735 736 LOR
2 1 487 10 737 AND
2 1 488 250 738 AND
2 1 737 738 739 LOR
2 1 489 10 740 AND
2 1 490 250 741 AND
2 1 740 741 742 LOR
2 1 721 9 743 AND
2 1 724 249 744 AND
2 1 743 744 745 LOR
2 1 727 9 746 AND
2 1 730 249 747 AND
2 1 746 747 748 LOR
2 1 733 9 749 AND
2 1 736 249 750 AND
2 1 749 750 751 LOR
2 1 739 9 752 AND
2 1 742 249 753 AND
2 1 752 753 754 LOR
2 1 745 8 755 AND
2 1 748 248 756 AND
2 1 755 756 757 LOR
2 1 751 8 758 AND
2 1 754 248 759 AND
2 1 758 759 760 LOR
2 1 757 7 761 AND
2 1 760 247 762 AND
2 1 761 762 763 LOR
2 1 491 10 764 AND
2 1 492 250 765 AND
2 1 764 765 766 LOR
2 1 493 10 767 AND
2 1 494 250 768 AND
2 1 767 768 769 LOR
2 1 495 10 770 AND
2 1 496 250 771 AND
2 1 770 771 772 LOR
2 1 497 10 773 AND
2 1 498 250 774 AND
2 1 773 774 775 LOR
2 1 499 10 776 AND
2 1 500 250 777 AND
2 1 776 777 778 LOR
2 1 501 10 779 AND
2 1 502 250 780 AND
2 1 779 780 781 LOR
2 1 503 10 782 AND
2 1 504 250 783 AND
2 1 782 783 784 LOR
2 1 505 10 785 AND
2 1 506 250 786 AND
2 1 785 786 787 LOR
2 1 766 9 788 AND
2 1 769 249 789 AND
2 1 788 789 790 LOR
2 1 772 9 791 AND
2 1 775 249 792 AND
2 1 791 792 793 LOR
2 1 778 9 794 AND
2 1 781 249 795 AND
2 1 794 795 796 LOR
2 1 784 9 797 AND
2 1 787 249 798 AND
2 1 797 798 799 LOR
2 1 790 8 800 AND
2 1 793 248 801 AND
2 1 800 801 802 LOR
2 1 796 8 803 AND
2 1 799 248 804 AND
2 1 803 804 805 LOR
2 1 802 7 806 AND
2 1 805 247 807 AND
2 1 806 807 808 LOR
2 1 507 10 809 AND
2 1 508 250 810 AND
2 1 809 810 811 LOR
2 1 509 10 812 AND
2 1 510 250 813 AND
2 1 812 813 814 LOR
2 1 511 10 815 AND
2 1 512 250 816 AND
2 1 815 816 817 LOR
2 1 513 10 818 AND
2 1 514 250 819 AND
2 1 818 819 820 LOR
2 1 515 10 821 AND
2 1 516 250 822 AND
2 1 821 822 823 LOR
2 1 517 10 824 AND
2 1 518 250 825 AND
2 1 824 825 826 LOR
2 1 519 10 827 AND
2 1 520 250 828 AND
2 1 827 828 829 LOR
2 1 521 10 830 AND
2 1 522 250 831 AND
2 1 830 831 832 LOR
2 1 811 9 833 AND
2 1 814 249 834 AND
2 1 833 834 835 LOR
2 1 817 9 836 AND
2 1 820 249 837 AND
2 1 836 837 838 LOR
2 1 823 9 839 AND
2 1 826 249 840 AND
2 1 839 840 841 LOR
2 1 829 9 842 AND
2 1 832 249 843 AND
2 1 842 843 844 LOR
2 1 835 8 845 AND
2 1 838 248 846 AND
2 1 845 846 847 LOR
2 1 841 8 848 AND
2 1 844 248 849 AND
2 1 848 849 850 LOR
2 1 847 7 851 AND
2 1 850 247 852 AND
2 1 851 852 853 LOR
2 1 523 10 854 AND
2 1 524 250 855 AND
2 1 854 855 856 LOR
2 1 525 10 857 AND
2 1 526 250 858 AND
2 1 857 858 859 LOR
2 1 527 10 860 AND
2 1 528 250 861 AND
2 1 860 861 862 LOR
2 1 529 10 863 AND
2 1 530 250 864 AND
2 1 863 864 865 LOR
2 1 531 10 866 AND
2 1 532 250 867 AND
2 1 866 867 868 LOR
2 1 533 10 869 AND
2 1 534 250 870 AND
2 1 869 870 871 LOR
2 1 535 10 872 AND
2 1 536 250 873 AND
2 1 872 873 874 LOR
2 1 537 10 875 AND
2 1 538 250 876 AND
2 1 875 876 877 LOR
2 1 856 9 878 AND
2 1 859 249 879 AND
2 1 878 879 880 LOR
2 1 862 9 881 AND
2 1 865 249 882 AND
2 1 881 882 883 LOR
2 1 868 9 884 AND
2 1 871 249 885 AND
2 1 884 885 886 LOR
2 1 874 9 887 AND
2 1 877 249 888 AND
2 1 887 888 889 LOR
2 1 880 8 890 AND
2 1 883 248 891 AND
2 1 890 891 892 LOR
2 1 886 8 893 AND
2 1 889 248 894 AND
2 1 893 894 895 LOR
2 1 892 7 896 AND
2 1 895 247 897 AND
2 1 896 897 898 LOR
2 1 221 583 899 AND
2 1 221 628 900 AND
2 1 221 673 901 AND
2 1 221 718 902 AND
2 1 221 763 903 AND
2 1 221 808 904 AND
2 1 221 853 905 AND
2 1 221 898 906 AND
2 1 2 2 907 XNR
2 1 907 3 908 AND
2 1 907 3 909 XOR
2 1 908 2 910 AND
2 1 908 2 911 XOR
2 1 910 1 912 AND
2 1 910 1 913 XOR
2 1 912 0 914 XOR
2 1 909 180 915 AND
2 1 3 229 916 AND
2 1 915 916 917 LOR
2 1 911 180 918 AND
2 1 2 229 919 AND
2 1 918 919 920 LOR
2 1 913 180 921 AND
2 1 1 229 922 AND
2 1 921 922 923 LOR
2 1 914 180 924 AND
2 1 0 229 925 AND
2 1 924 925 926 LOR
2 1 177 917 927 AND
2 1 222 927 928 AND
2 1 221 906 929 AND
2 1 928 929 930 LOR
2 1 233 35 931 AND
2 1 232 19 932 AND
2 1 931 932 933 LOR
2 1 227 232 934 LOR
1 1 934 935 INV
2 1 935 930 936 AND
2 1 934 933 937 AND
2 1 936 937 938 LOR
2 1 177 920 939 AND
2 1 222 939 940 AND
2 1 221 905 941 AND
2 1 940 941 942 LOR
2 1 233 34 943 AND
2 1 232 18 944 AND
2 1 943 944 945 LOR
2 1 227 232 946 LOR
1 1 946 947 INV
2 1 947 942 948 AND
2 1 946 945 949 AND
2 1 948 949 950 LOR
2 1 177 923 951 AND
2 1 222 951 952 AND
2 1 221 904 953 AND
2 1 952 953 954 LOR
2 1 233 33 955 AND
2 1 232 17 956 AND
2 1 955 956 957 LOR
2 1 227 232 958 LOR
1 1 958 959 INV
2 1 959 954 960 AND
2 1 958 957 961 AND
2 1 960 961 962 LOR
2 1 177 926 963 AND
2 1 222 963 964 AND
2 1 221 903 965 AND
2 1 964 965 966 LOR
2 1 233 32 967 AND
2 1 232 16 968 AND
2 1 967 968 969 LOR
2 1 227 232 970 LOR
1 1 970 971 INV
2 1 971 966 972 AND
2 1 970 969 973 AND
2 1 972 973 974 LOR
2 1 221 221 975 XOR
2 1 221 902 976 AND
2 1 233 975 977 AND
2 1 232 15 978 AND
2 1 977 978 979 LOR
2 1 227 232 980 LOR
1 1 980 981 INV
2 1 981 976 982 AND
2 1 980 979 983 AND
2 1 982 983 984 LOR
2 1 221 221 985 XOR
2 1 221 901 986 AND
2 1 233 985 987 AND
2 1 232 14 988 AND
2 1 987 988 989 LOR
2 1 227 232 990 LOR
1 1 990 991 INV
2 1 991 986 992 AND
2 1 990 989 993 AND
2 1 992 993 994 LOR
2 1 221 221 995 XOR
2 1 221 900 996 AND
2 1 233 995 997 AND
2 1 232 13 998 AND
2 1 997 998 999 LOR
2 1 227 232 1000 LOR
1 1 1000 1001 INV
2 1 1001 996 1002 AND
2 1 1000 999 1003 AND
2 1 1002 1003 1004 LOR
2 1 221 221 1005 XOR
2 1 221 899 1006 AND
2 1 233 1005 1007 AND
2 1 232 12 1008 AND
2 1 1007 1008 1009 LOR
2 1 227 232 1010 LOR
1 1 1010 1011 INV
2 1 1011 1006 1012 AND
2 1 1010 1009 1013 AND
2 1 1012 1013 1014 LOR
2 1 938 180 1015 AND
2 1 35 229 1016 AND
2 1 1015 1016 1017 LOR
2 1 950 180 1018 AND
2 1 34 229 1019 AND
2 1 1018 1019 1020 LOR
2 1 962 180 1021 AND
2 1 33 229 1022 AND
2 1 1021 1022 1023 LOR
2 1 974 180 1024 AND
2 1 32 229 1025 AND
2 1 1024 1025 1026 LOR
2 1 984 180 1027 AND
2 1 31 229 1028 AND
2 1 1027 1028 1029 LOR
2 1 994 180 1030 AND
2 1 30 229 1031 AND
2 1 1030 1031 1032 LOR
2 1 1004 180 1033 AND
2 1 29 229 1034 AND
2 1 1033 1034 1035 LOR
2 1 1014 180 1036 AND
2 1 28 229 1037 AND
2 1 1036 1037 1038 LOR
2 1 938 212 1039 AND
2 1 10 213 1040 AND
2 1 1039 1040 1041 LOR
2 1 950 212 1042 AND
2 1 9 213 1043 AND
2 1 1042 1043 1044 LOR
2 1 962 212 1045 AND
2 1 8 213 1046 AND
2 1 1045 1046 1047 LOR
2 1 974 212 1048 AND
2 1 7 213 1049 AND
2 1 1048 1049 1050 LOR
2 1 938 245 1051 AND
2 1 917 246 1052 AND
2 1 1051 1052 1053 LOR
2 1 950 245 1054 AND
2 1 920 246 1055 AND
2 1 1054 1055 1056 LOR
2 1 962 245 1057 AND
2 1 923 246 1058 AND
2 1 1057 1058 1059 LOR
2 1 974 245 1060 AND
2 1 926 246 1061 AND
2 1 1060 1061 1062 LOR
1 1 172 1063 LID
2 1 6 5 1064 XOR
2 1 6 5 1065 AND
2 1 1065 4 1066 XOR
2 1 174 4 1067 AND
2 1 174 1063 1068 AND
2 1 1067 1068 1069 LOR
2 1 174 4 1070 AND
2 1 174 1064 1071 AND
2 1 1070 1071 1072 LOR
2 1 174 4 1073 AND
2 1 174 1066 1074 AND
2 1 1073 1074 1075 LOR
2 1 205 6 1076 AND
2 1 206 1069 1077 AND
2 1 1076 1077 1078 LOR
2 1 205 5 1079 AND
2 1 206 1072 1080 AND
2 1 1079 1080 1081 LOR
2 1 205 4 1082 AND
2 1 206 1075 1083 AND
2 1 1082 1083 1084 LOR
2 1 242 938 1085 AND
2 1 243 27 1086 AND
2 1 1085 1086 1087 LOR
2 1 242 950 1088 AND
2 1 243 26 1089 AND
2 1 1088 1089 1090 LOR
2 1 242 962 1091 AND
2 1 243 25 1092 AND
2 1 1091 1092 1093 LOR
2 1 242 974 1094 AND
2 1 243 24 1095 AND
2 1 1094 1095 1096 LOR
2 1 242 984 1097 AND
2 1 243 23 1098 AND
2 1 1097 1098 1099 LOR
2 1 242 994 1100 AND
2 1 243 22 1101 AND
2 1 1100 1101 1102 LOR
2 1 242 1004 1103 AND
2 1 243 21 1104 AND
2 1 1103 1104 1105 LOR
2 1 242 1014 1106 AND
2 1 243 20 1107 AND
2 1 1106 1107 1108 LOR
1 1 1087 1109 INV
1 1 1090 1110 INV
1 1 1093 1111 INV
1 1 1096 1112 INV
1 1 1099 1113 INV
1 1 1102 1114 INV
1 1 1105 1115 INV
1 1 1108 1116 INV
2 1 1109 238 1117 AND
2 1 239 1087 1118 AND
2 1 1117 1118 1119 LOR
2 1 1110 238 1120 AND
2 1 239 1090 1121 AND
2 1 1120 1121 1122 LOR
2 1 1111 238 1123 AND
2 1 239 1093 1124 AND
2 1 1123 1124 1125 LOR
2 1 1112 238 1126 AND
2 1 239 1096 1127 AND
2 1 1126 1127 1128 LOR
2 1 1113 238 1129 AND
2 1 239 1099 1130 AND
2 1 1129 1130 1131 LOR
2 1 1114 238 1132 AND
2 1 239 1102 1133 AND
2 1 1132 1133 1134 LOR
2 1 1115 238 1135 AND
2 1 239 1105 1136 AND
2 1 1135 1136 1137 LOR
2 1 1116 238 1138 AND
2 1 239 1108 1139 AND
2 1 1138 1139 1140 LOR
2 1 230 938 1141 AND
2 1 231 19 1142 AND
2 1 1141 1142 1143 LOR
2 1 230 950 1144 AND
2 1 231 18 1145 AND
2 1 1144 1145 1146 LOR
2 1 230 962 1147 AND
2 1 231 17 1148 AND
2 1 1147 1148 1149 LOR
2 1 230 974 1150 AND
2 1 231 16 1151 AND
2 1 1150 1151 1152 LOR
2 1 230 984 1153 AND
2 1 231 15 1154 AND
2 1 1153 1154 1155 LOR
2 1 230 994 1156 AND
2 1 231 14 1157 AND
2 1 1156 1157 1158 LOR
2 1 230 1004 1159 AND
2 1 231 13 1160 AND
2 1 1159 1160 1161 LOR
2 1 230 1014 1162 AND
2 1 231 12 1163 AND
2 1 1162 1163 1164 LOR
2 1 19 236 1165 AND
2 1 18 236 1166 AND
2 1 17 236 1167 AND
2 1 16 236 1168 AND
2 1 15 236 1169 AND
2 1 14 236 1170 AND
2 1 13 236 1171 AND
2 1 12 236 1172 AND
2 1 1119 236 1173 AND
2 1 1122 236 1174 AND
2 1 1125 236 1175 AND
2 1 1128 236 1176 AND
2 1 1131 236 1177 AND
2 1 1134 236 1178 AND
2 1 1137 236 1179 AND
2 1 1140 236 1180 AND
2 1 238 1165 1181 AND
2 1 238 1165 1182 XOR
2 1 1182 1173 1183 AND
2 1 1182 1173 1184 XOR
2 1 1181 1183 1185 LOR
2 1 1185 1166 1186 AND
2 1 1185 1166 1187 XOR
2 1 1187 1174 1188 AND
2 1 1187 1174 1189 XOR
2 1 1186 1188 1190 LOR
2 1 1190 1167 1191 AND
2 1 1190 1167 1192 XOR
2 1 1192 1175 1193 AND
2 1 1192 1175 1194 XOR
2 1 1191 1193 1195 LOR
2 1 1195 1168 1196 AND
2 1 1195 1168 1197 XOR
2 1 1197 1176 1198 AND
2 1 1197 1176 1199 XOR
2 1 1196 1198 1200 LOR
2 1 1200 1169 1201 AND
2 1 1200 1169 1202 XOR
2 1 1202 1177 1203 AND
2 1 1202 1177 1204 XOR
2 1 1201 1203 1205 LOR
2 1 1205 1170 1206 AND
2 1 1205 1170 1207 XOR
2 1 1207 1178 1208 AND
2 1 1207 1178 1209 XOR
2 1 1206 1208 1210 LOR
2 1 1210 1171 1211 AND
2 1 1210 1171 1212 XOR
2 1 1212 1179 1213 AND
2 1 1212 1179 1214 XOR
2 1 1211 1213 1215 LOR
2 1 1215 1172 1216 AND
2 1 1215 1172 1217 XOR
2 1 1217 1180 1218 AND
2 1 1217 1180 1219 XOR
2 1 1216 1218 1220 LOR
2 1 236 236 1221 XOR
2 1 238 238 1222 XOR
2 1 1184 236 1223 AND
2 1 237 1143 1224 AND
2 1 1223 1224 1225 LOR
2 1 1189 236 1226 AND
2 1 237 1146 1227 AND
2 1 1226 1227 1228 LOR
2 1 1194 236 1229 AND
2 1 237 1149 1230 AND
2 1 1229 1230 1231 LOR
2 1 1199 236 1232 AND
2 1 237 1152 1233 AND
2 1 1232 1233 1234 LOR
2 1 1204 236 1235 AND
2 1 237 1155 1236 AND
2 1 1235 1236 1237 LOR
2 1 1209 236 1238 AND
2 1 237 1158 1239 AND
2 1 1238 1239 1240 LOR
2 1 1214 236 1241 AND
2 1 237 1161 1242 AND
2 1 1241 1242 1243 LOR
2 1 1219 236 1244 AND
2 1 237 1164 1245 AND
2 1 1244 1245 1246 LOR
1 1 410 1247 INV
1 1 405 1248 INV
1 1 400 1249 INV
1 1 395 1250 INV
1 1 390 1251 INV
1 1 385 1252 INV
1 1 380 1253 INV
1 1 375 1254 INV
1 1 370 1255 INV
1 1 365 1256 INV
1 1 360 1257 INV
1 1 355 1258 INV
1 1 350 1259 INV
1 1 345 1260 INV
1 1 340 1261 INV
1 1 335 1262 INV
2 1 410 938 1263 AND
2 1 1247 43 1264 AND
2 1 1263 1264 1265 LOR
2 1 410 950 1266 AND
2 1 1247 42 1267 AND
2 1 1266 1267 1268 LOR
2 1 410 962 1269 AND
2 1 1247 41 1270 AND
2 1 1269 1270 1271 LOR
2 1 410 974 1272 AND
2 1 1247 40 1273 AND
2 1 1272 1273 1274 LOR
2 1 410 984 1275 AND
2 1 1247 39 1276 AND
2 1 1275 1276 1277 LOR
2 1 410 994 1278 AND
2 1 1247 38 1279 AND
2 1 1278 1279 1280 LOR
2 1 410 1004 1281 AND
2 1 1247 37 1282 AND
2 1 1281 1282 1283 LOR
2 1 410 1014 1284 AND
2 1 1247 36 1285 AND
2 1 1284 1285 1286 LOR
2 1 405 938 1287 AND
2 1 1248 51 1288 AND
2 1 1287 1288 1289 LOR
2 1 405 950 1290 AND
2 1 1248 50 1291 AND
2 1 1290 1291 1292 LOR
2 1 405 962 1293 AND
2 1 1248 49 1294 AND
2 1 1293 1294 1295 LOR
2 1 405 974 1296 AND
2 1 1248 48 1297 AND
2 1 1296 1297 1298 LOR
2 1 405 984 1299 AND
2 1 1248 47 1300 AND
2 1 1299 1300 1301 LOR
2 1 405 994 1302 AND
2 1 1248 46 1303 AND
2 1 1302 1303 1304 LOR
2 1 405 1004 1305 AND
2 1 1248 45 1306 AND
2 1 1305 1306 1307 LOR
2 1 405 1014 1308 AND
2 1 1248 44 1309 AND
2 1 1308 1309 1310 LOR
2 1 400 938 1311 AND
2 1 1249 59 1312 AND
2 1 1311 1312 1313 LOR
2 1 400 950 1314 AND
2 1 1249 58 1315 AND
2 1 1314 1315 1316 LOR
2 1 400 962 1317 AND
2 1 1249 57 1318 AND
2 1 1317 1318 1319 LOR
2 1 400 974 1320 AND
2 1 1249 56 1321 AND
2 1 1320 1321 1322 LOR
2 1 400 984 1323 AND
2 1 1249 55 1324 AND
2 1 1323 1324 1325 LOR
2 1 400 994 1326 AND
2 1 1249 54 1327 AND
2 1 1326 1327 1328 LOR
2 1 400 1004 1329 AND
2 1 1249 53 1330 AND
2 1 1329 1330 1331 LOR
2 1 400 1014 1332 AND
2 1 1249 52 1333 AND
2 1 1332 1333 1334 LOR
2 1 395 938 1335 AND
2 1 1250 67 1336 AND
2 1 1335 1336 1337 LOR
2 1 395 950 1338 AND
2 1 1250 66 1339 AND
2 1 1338 1339 1340 LOR
2 1 395 962 1341 AND
2 1 1250 65 1342 AND
2 1 1341 1342 1343 LOR
2 1 395 974 1344 AND
2 1 1250 64 1345 AND
2 1 1344 1345 1346 LOR
2 1 395 984 1347 AND
2 1 1250 63 1348 AND
2 1 1347 1348 1349 LOR
2 1 395 994 1350 AND
2 1 1250 62 1351 AND
2 1 1350 1351 1352 LOR
2 1 395 1004 1353 AND
2 1 1250 61 1354 AND
2 1 1353 1354 1355 LOR
2 1 395 1014 1356 AND
2 1 1250 60 1357 AND
2 1 1356 1357 1358 LOR
2 1 390 938 1359 AND
2 1 1251 75 1360 AND
2 1 1359 1360 1361 LOR
2 1 390 950 1362 AND
2 1 1251 74 1363 AND
2 1 1362 1363 1364 LOR
2 1 390 962 1365 AND
2 1 1251 73 1366 AND
2 1 1365 1366 1367 LOR
2 1 390 974 1368 AND
2 1 1251 72 1369 AND
2 1 1368 1369 1370 LOR
2 1 390 984 1371 AND
2 1 1251 71 1372 AND
2 1 1371 1372 1373 LOR
2 1 390 994 1374 AND
2 1 1251 70 1375 AND
2 1 1374 1375 1376 LOR
2 1 390 1004 1377 AND
2 1 1251 69 1378 AND
2 1 1377 1378 1379 LOR
2 1 390 1014 1380 AND
2 1 1251 68 1381 AND
2 1 1380 1381 1382 LOR
2 1 385 938 1383 AND
2 1 1252 83 1384 AND
2 1 1383 1384 1385 LOR
2 1 385 950 1386 AND
2 1 1252 82 1387 AND
2 1 1386 1387 1388 LOR
2 1 385 962 1389 AND
2 1 1252 81 1390 AND
2 1 1389 1390 1391 LOR
2 1 385 974 1392 AND
2 1 1252 80 1393 AND
2 1 1392 1393 1394 LOR
2 1 385 984 1395 AND
2 1 1252 79 1396 AND
2 1 1395 1396 1397 LOR
2 1 385 994 1398 AND
2 1 1252 78 1399 AND
2 1 1398 1399 1400 LOR
2 1 385 1004 1401 AND
2 1 1252 77 1402 AND
2 1 1401 1402 1403 LOR
2 1 385 1014 1404 AND
2 1 1252 76 1405 AND
2 1 1404 1405 1406 LOR
2 1 380 938 1407 AND
2 1 1253 91 1408 AND
2 1 1407 1408 1409 LOR
2 1 380 950 1410 AND
2 1 1253 90 1411 AND
2 1 1410 1411 1412 LOR
2 1 380 962 1413 AND
2 1 1253 89 1414 AND
2 1 1413 1414 1415 LOR
2 1 380 974 1416 AND
2 1 1253 88 1417 AND
2 1 1416 1417 1418 LOR
2 1 380 984 1419 AND
2 1 1253 87 1420 AND
2 1 1419 1420 1421 LOR
2 1 380 994 1422 AND
2 1 1253 86 1423 AND
2 1 1422 1423 1424 LOR
2 1 380 1004 1425 AND
2 1 1253 85 1426 AND
2 1 1425 1426 1427 LOR
2 1 380 1014 1428 AND
2 1 1253 84 1429 AND
2 1 1428 1429 1430 LOR
2 1 375 938 1431 AND
2 1 1254 99 1432 AND
2 1 1431 1432 1433 LOR
2 1 375 950 1434 AND
2 1 1254 98 1435 AND
2 1 1434 1435 1436 LOR
2 1 375 962 1437 AND
2 1 1254 97 1438 AND
2 1 1437 1438 1439 LOR
2 1 375 974 1440 AND
2 1 1254 96 1441 AND
2 1 1440 1441 1442 LOR
2 1 375 984 1443 AND
2 1 1254 95 1444 AND
2 1 1443 1444 1445 LOR
2 1 375 994 1446 AND
2 1 1254 94 1447 AND
2 1 1446 1447 1448 LOR
2 1 375 1004 1449 AND
2 1 1254 93 1450 AND
2 1 1449 1450 1451 LOR
2 1 375 1014 1452 AND
2 1 1254 92 1453 AND
2 1 1452 1453 1454 LOR
2 1 370 938 1455 AND
2 1 1255 107 1456 AND
2 1 1455 1456 1457 LOR
2 1 370 950 1458 AND
2 1 1255 106 1459 AND
2 1 1458 1459 1460 LOR
2 1 370 962 1461 AND
2 1 1255 105 1462 AND
2 1 1461 1462 1463 LOR
2 1 370 974 1464 AND
2 1 1255 104 1465 AND
2 1 1464 1465 1466 LOR
2 1 370 984 1467 AND
2 1 1255 103 1468 AND
2 1 1467 1468 1469 LOR
2 1 370 994 1470 AND
2 1 1255 102 1471 AND
2 1 1470 1471 1472 LOR
2 1 370 1004 1473 AND
2 1 1255 101 1474 AND
2 1 1473 1474 1475 LOR
2 1 370 1014 1476 AND
2 1 1255 100 1477 AND
2 1 1476 1477 1478 LOR
2 1 365 938 1479 AND
2 1 1256 115 1480 AND
2 1 1479 1480 1481 LOR
2 1 365 950 1482 AND
2 1 1256 114 1483 AND
2 1 1482 1483 1484 LOR
2 1 365 962 1485 AND
2 1 1256 113 1486 AND
2 1 1485 1486 1487 LOR
2 1 365 974 1488 AND
2 1 1256 112 1489 AND
2 1 1488 1489 1490 LOR
2 1 365 984 1491 AND
2 1 1256 111 1492 AND
2 1 1491 1492 1493 LOR
2 1 365 994 1494 AND
2 1 1256 110 1495 AND
2 1 1494 1495 1496 LOR
2 1 365 1004 1497 AND
2 1 1256 109 1498 AND
2 1 1497 1498 1499 LOR
2 1 365 1014 1500 AND
2 1 1256 108 1501 AND
2 1 1500 1501 1502 LOR
2 1 360 938 1503 AND
2 1 1257 123 1504 AND
2 1 1503 1504 1505 LOR
2 1 360 950 1506 AND
2 1 1257 122 1507 AND
2 1 1506 1507 1508 LOR
2 1 360 962 1509 AND
2 1 1257 121 1510 AND
2 1 1509 1510 1511 LOR
2 1 360 974 1512 AND
2 1 1257 120 1513 AND
2 1 1512 1513 1514 LOR
2 1 360 984 1515 AND
2 1 1257 119 1516 AND
2 1 1515 1516 1517 LOR
2 1 360 994 1518 AND
2 1 1257 118 1519 AND
2 1 1518 1519 1520 LOR
2 1 360 1004 1521 AND
2 1 1257 117 1522 AND
2 1 1521 1522 1523 LOR
2 1 360 1014 1524 AND
2 1 1257 116 1525 AND
2 1 1524 1525 1526 LOR
2 1 355 938 1527 AND
2 1 1258 131 1528 AND
2 1 1527 1528 1529 LOR
2 1 355 950 1530 AND
2 1 1258 130 1531 AND
2 1 1530 1531 1532 LOR
2 1 355 962 1533 AND
2 1 1258 129 1534 AND
2 1 1533 1534 1535 LOR
2 1 355 974 1536 AND
2 1 1258 128 1537 AND
2 1 1536 1537 1538 LOR
2 1 355 984 1539 AND
2 1 1258 127 1540 AND
2 1 1539 1540 1541 LOR
2 1 355 994 1542 AND
2 1 1258 126 1543 AND
2 1 1542 1543 1544 LOR
2 1 355 1004 1545 AND
2 1 1258 125 1546 AND
2 1 1545 1546 1547 LOR
2 1 355 1014 1548 AND
2 1 1258 124 1549 AND
2 1 1548 1549 1550 LOR
2 1 350 938 1551 AND
2 1 1259 139 1552 AND
2 1 1551 1552 1553 LOR
2 1 350 950 1554 AND
2 1 1259 138 1555 AND
2 1 1554 1555 1556 LOR
2 1 350 962 1557 AND
2 1 1259 137 1558 AND
2 1 1557 1558 1559 LOR
2 1 350 974 1560 AND
2 1 1259 136 1561 AND
2 1 1560 1561 1562 LOR
2 1 350 984 1563 AND
2 1 1259 135 1564 AND
2 1 1563 1564 1565 LOR
2 1 350 994 1566 AND
2 1 1259 134 1567 AND
2 1 1566 1567 1568 LOR
2 1 350 1004 1569 AND
2 1 1259 133 1570 AND
2 1 1569 1570 1571 LOR
2 1 350 1014 1572 AND
2 1 1259 132 1573 AND
2 1 1572 1573 1574 LOR
2 1 345 938 1575 AND
2 1 1260 147 1576 AND
2 1 1575 1576 1577 LOR
2 1 345 950 1578 AND
2 1 1260 146 1579 AND
2 1 1578 1579 1580 LOR
2 1 345 962 1581 AND
2 1 1260 145 1582 AND
2 1 1581 1582 1583 LOR
2 1 345 974 1584 AND
2 1 1260 144 1585 AND
2 1 1584 1585 1586 LOR
2 1 345 984 1587 AND
2 1 1260 143 1588 AND
2 1 1587 1588 1589 LOR
2 1 345 994 1590 AND
2 1 1260 142 1591 AND
2 1 1590 1591 1592 LOR
2 1 345 1004 1593 AND
2 1 1260 141 1594 AND
2 1 1593 1594 1595 LOR
2 1 345 1014 1596 AND
2 1 1260 140 1597 AND
2 1 1596 1597 1598 LOR
2 1 340 938 1599 AND
2 1 1261 155 1600 AND
2 1 1599 1600 1601 LOR
2 1 340 950 1602 AND
2 1 1261 154 1603 AND
2 1 1602 1603 1604 LOR
2 1 340 962 1605 AND
2 1 1261 153 1606 AND
2 1 1605 1606 1607 LOR
2 1 340 974 1608 AND
2 1 1261 152 1609 AND
2 1 1608 1609 1610 LOR
2 1 340 984 1611 AND
2 1 1261 151 1612 AND
2 1 1611 1612 1613 LOR
2 1 340 994 1614 AND
2 1 1261 150 1615 AND
2 1 1614 1615 1616 LOR
2 1 340 1004 1617 AND
2 1 1261 149 1618 AND
2 1 1617 1618 1619 LOR
2 1 340 1014 1620 AND
2 1 1261 148 1621 AND
2 1 1620 1621 1622 LOR
2 1 335 938 1623 AND
2 1 1262 163 1624 AND
2 1 1623 1624 1625 LOR
2 1 335 950 1626 AND
2 1 1262 162 1627 AND
2 1 1626 1627 1628 LOR
2 1 335 962 1629 AND
2 1 1262 161 1630 AND
2 1 1629 1630 1631 LOR
2 1 335 974 1632 AND
2 1 1262 160 1633 AND
2 1 1632 1633 1634 LOR
2 1 335 984 1635 AND
2 1 1262 159 1636 AND
2 1 1635 1636 1637 LOR
2 1 335 994 1638 AND
2 1 1262 158 1639 AND
2 1 1638 1639 1640 LOR
2 1 335 1004 1641 AND
2 1 1262 157 1642 AND
2 1 1641 1642 1643 LOR
2 1 335 1014 1644 AND
2 1 1262 156 1645 AND
2 1 1644 1645 1646 LOR
1 1 1062 1647 LID
1 1 1059 1648 LID
1 1 1056 1649 LID
1 1 1053 1650 LID
1 1 1084 1651 LID
1 1 1081 1652 LID
1 1 1078 1653 LID
1 1 1050 1654 LID
1 1 1047 1655 LID
1 1 1044 1656 LID
1 1 1041 1657 LID
1 1 1220 1658 LID
1 1 1246 1659 LID
1 1 1243 1660 LID
1 1 1240 1661 LID
1 1 1237 1662 LID
1 1 1234 1663 LID
1 1 1231 1664 LID
1 1 1228 1665 LID
1 1 1225 1666 LID
1 1 1140 1667 LID
1 1 1137 1668 LID
1 1 1134 1669 LID
1 1 1131 1670 LID
1 1 1128 1671 LID
1 1 1125 1672 LID
1 1 1122 1673 LID
1 1 1119 1674 LID
1 1 1038 1675 LID
1 1 1035 1676 LID
1 1 1032 1677 LID
1 1 1029 1678 LID
1 1 1026 1679 LID
1 1 1023 1680 LID
1 1 1020 1681 LID
1 1 1017 1682 LID
1 1 1286 1683 LID
1 1 1283 1684 LID
1 1 1280 1685 LID
1 1 1277 1686 LID
1 1 1274 1687 LID
1 1 1271 1688 LID
1 1 1268 1689 LID
1 1 1265 1690 LID
1 1 1310 1691 LID
1 1 1307 1692 LID
1 1 1304 1693 LID
1 1 1301 1694 LID
1 1 1298 1695 LID
1 1 1295 1696 LID
1 1 1292 1697 LID
1 1 1289 1698 LID
1 1 1334 1699 LID
1 1 1331 1700 LID
1 1 1328 1701 LID
1 1 1325 1702 LID
1 1 1322 1703 LID
1 1 1319 1704 LID
1 1 1316 1705 LID
1 1 1313 1706 LID
1 1 1358 1707 LID
1 1 1355 1708 LID
1 1 1352 1709 LID
1 1 1349 1710 LID
1 1 1346 1711 LID
1 1 1343 1712 LID
1 1 1340 1713 LID
1 1 1337 1714 LID
1 1 1382 1715 LID
1 1 1379 1716 LID
1 1 1376 1717 LID
1 1 1373 1718 LID
1 1 1370 1719 LID
1 1 1367 1720 LID
1 1 1364 1721 LID
1 1 1361 1722 LID
1 1 1406 1723 LID
1 1 1403 1724 LID
1 1 1400 1725 LID
1 1 1397 1726 LID
1 1 1394 1727 LID
1 1 1391 1728 LID
1 1 1388 1729 LID
1 1 1385 1730 LID
1 1 1430 1731 LID
1 1 1427 1732 LID
1 1 1424 1733 LID
1 1 1421 1734 LID
1 1 1418 1735 LID
1 1 1415 1736 LID
1 1 1412 1737 LID
1 1 1409 1738 LID
1 1 1454 1739 LID
1 1 1451 1740 LID
1 1 1448 1741 LID
1 1 1445 1742 LID
1 1 1442 1743 LID
1 1 1439 1744 LID
1 1 1436 1745 LID
1 1 1433 1746 LID
1 1 1478 1747 LID
1 1 1475 1748 LID
1 1 1472 1749 LID
1 1 1469 1750 LID
1 1 1466 1751 LID
1 1 1463 1752 LID
1 1 1460 1753 LID
1 1 1457 1754 LID
1 1 1502 1755 LID
1 1 1499 1756 LID
1 1 1496 1757 LID
1 1 1493 1758 LID
1 1 1490 1759 LID
1 1 1487 1760 LID
1 1 1484 1761 LID
1 1 1481 1762 LID
1 1 1526 1763 LID
1 1 1523 1764 LID
1 1 1520 1765 LID
1 1 1517 1766 LID
1 1 1514 1767 LID
1 1 1511 1768 LID
1 1 1508 1769 LID
1 1 1505 1770 LID
1 1 1550 1771 LID
1 1 1547 1772 LID
1 1 1544 1773 LID
1 1 1541 1774 LID
1 1 1538 1775 LID
1 1 1535 1776 LID
1 1 1532 1777 LID
1 1 1529 1778 LID
1 1 1574 1779 LID
1 1 1571 1780 LID
1 1 1568 1781 LID
1 1 1565 1782 LID
1 1 1562 1783 LID
1 1 1559 1784 LID
1 1 1556 1785 LID
1 1 1553 1786 LID
1 1 1598 1787 LID
1 1 1595 1788 LID
1 1 1592 1789 LID
1 1 1589 1790 LID
1 1 1586 1791 LID
1 1 1583 1792 LID
1 1 1580 1793 LID
1 1 1577 1794 LID
1 1 1622 1795 LID
1 1 1619 1796 LID
1 1 1616 1797 LID
1 1 1613 1798 LID
1 1 1610 1799 LID
1 1 1607 1800 LID
1 1 1604 1801 LID
1 1 1601 1802 LID
1 1 1646 1803 LID
1 1 1643 1804 LID
1 1 1640 1805 LID
1 1 1637 1806 LID
1 1 1634 1807 LID
1 1 1631 1808 LID
1 1 1628 1809 LID
1 1 1625 1810 LID
1 1 1014 1811 LID
1 1 1004 1812 LID
1 1 994 1813 LID
1 1 984 1814 LID
1 1 974 1815 LID
1 1 962 1816 LID
1 1 950 1817 LID
1 1 1090 1818 LID
